None,17.2500,-1.4802,1.9968,8.0601,0.2032,0.2011,-0.0288,197.3000,-3.4000,-394.4000,Car
None,17.2500,-1.7136,1.9489,8.0972,0.1409,0.1204,-0.0740,197.3000,-3.4000,-394.4000,Car
None,17.2500,-1.7723,2.0099,9.1590,-0.0434,0.0684,-0.0511,197.3000,-3.8000,-394.4000,Car
None,17.2500,-1.6305,2.1907,10.4208,-0.2400,0.0317,-0.0061,197.3000,-3.8000,-394.8000,Car
None,17.2500,-1.3234,2.5205,10.5363,-0.2660,0.0304,0.0679,197.3000,-3.8000,-394.8000,Car
None,17.2500,-1.2420,2.8335,9.6822,-0.1004,0.0735,0.0668,197.3000,-3.8000,-394.8000,Car
None,17.2500,-0.9176,2.8192,9.1877,-0.0101,0.0692,-0.0242,197.3000,-3.8000,-394.8000,Car
None,17.2500,-1.2887,2.4199,8.6335,-0.0021,0.0485,-0.1590,197.3000,-3.8000,-394.8000,Car
None,17.2500,-1.3096,2.0752,8.7712,-0.0639,0.0706,-0.2543,197.3000,-3.8000,-394.8000,Car
None,17.2500,-1.2324,1.8094,8.9914,-0.1582,0.0788,-0.2655,197.3000,-4.2000,-394.8000,Car
None,17.2500,-1.6951,1.6149,8.5311,-0.1790,0.1449,-0.2871,197.3000,-4.2000,-394.8000,Car
None,17.2500,-2.3744,1.4377,8.1217,-0.0953,0.1691,-0.3273,197.3000,-4.2000,-394.8000,Car
None,17.2500,-2.4529,1.6041,9.2751,-0.1345,0.0509,-0.2551,197.3000,-4.2000,-394.8000,Car
None,17.2500,-2.1973,1.8735,10.5453,-0.2804,-0.0349,-0.1220,197.3000,-4.2000,-394.8000,Car
None,17.2500,-1.8687,2.1003,11.5784,-0.3539,0.0165,-0.0146,197.3000,-4.2000,-394.8000,Car
None,17.2500,-1.7142,2.0985,10.5429,-0.2407,0.1124,0.0205,197.3000,-4.2000,-394.8000,Car
None,17.2500,-2.0267,1.9812,8.0451,0.1071,0.1984,0.0176,197.3000,-4.2000,-395.2000,Car
None,17.2500,-1.9279,1.9459,6.8750,0.3712,0.0589,0.0096,197.3000,-4.2000,-395.2000,Car
None,17.2500,-1.8723,1.9142,7.2119,0.3507,-0.2178,0.0320,197.3000,-4.6000,-395.2000,Car
None,17.2500,-1.6173,1.7939,7.9080,0.1462,-0.3635,0.0298,197.3000,-4.6000,-395.6000,Car
None,17.2500,-1.3168,1.6598,8.3965,-0.0298,-0.3422,0.0301,197.3000,-4.6000,-395.6000,Car
None,17.2500,-1.1594,1.6017,8.1858,-0.0019,-0.3611,0.0442,197.3000,-4.6000,-395.6000,Car
None,17.2500,-1.3366,1.5718,7.4041,0.2290,-0.4583,0.0535,197.3000,-4.6000,-395.6000,Car
None,17.2500,-1.3958,1.7675,7.0922,0.4296,-0.5673,0.0812,196.9000,-4.6000,-395.6000,Car
None,17.2500,-1.1337,1.9405,8.2007,0.3505,-0.6027,0.1510,196.9000,-5.0000,-395.6000,Car
None,17.2500,-0.6530,2.1997,8.9567,0.1156,-0.4916,0.2189,196.9000,-5.0000,-395.6000,Car
None,17.2500,-0.6009,2.6211,9.4020,-0.0660,-0.2003,0.2506,196.5000,-5.0000,-395.6000,Car
None,17.2500,-0.5902,2.9311,9.6690,-0.1233,0.0173,0.2194,196.5000,-5.0000,-395.6000,Car
None,17.2500,-0.7135,2.8934,9.5511,-0.0642,0.0581,0.1659,196.5000,-5.0000,-395.6000,Car
None,17.2500,-0.7434,2.7863,10.0329,0.0197,0.0253,0.1044,196.5000,-5.0000,-395.6000,Car
None,17.2500,-0.5124,2.7461,10.5267,0.0146,0.0272,0.0671,196.1000,-5.0000,-395.6000,Car
None,17.2500,-0.4956,2.6797,9.6798,0.0453,0.1068,0.0631,196.1000,-5.0000,-395.6000,Car
None,17.2500,-0.9966,2.7084,8.0966,0.1899,0.2535,0.0056,196.1000,-5.0000,-395.6000,Car
None,17.2500,-1.0798,2.7880,8.4204,0.1771,0.1886,-0.0280,196.1000,-5.0000,-395.6000,Car
None,17.2500,-1.0947,2.6199,9.4344,0.0293,0.0160,-0.0218,196.1000,-5.0000,-395.6000,Car
None,17.2500,-1.4120,2.3876,9.7983,-0.1060,-0.0013,-0.0527,195.7000,-5.0000,-395.6000,Car
None,17.2500,-1.5520,2.4535,9.6762,-0.1398,0.0370,-0.0434,195.7000,-5.0000,-395.6000,Car
None,17.2500,-1.7496,2.7659,9.1710,-0.0543,0.0194,0.0312,195.7000,-5.0000,-395.6000,Car
None,17.2500,-1.5257,3.1202,9.5080,0.0056,-0.0847,0.0953,195.7000,-5.0000,-395.2000,Car
None,17.2500,-0.9643,3.3291,10.7506,-0.0751,-0.1563,0.1422,195.7000,-5.0000,-395.2000,Car
None,17.2500,-0.9092,3.2447,10.6482,-0.1558,-0.0810,0.1097,195.7000,-5.0000,-395.2000,Car
None,17.2500,-1.1570,2.8922,10.2651,-0.1033,0.0796,0.0200,195.7000,-4.6000,-394.8000,Car
None,17.2500,-1.4623,2.5558,9.7396,-0.0149,0.0783,-0.0487,195.7000,-4.6000,-394.8000,Car
None,17.2500,-1.7047,2.4044,9.5726,0.0929,0.0288,-0.0714,195.7000,-4.6000,-394.8000,Car
None,17.2500,-1.1588,2.5151,10.5243,0.0626,-0.0173,-0.0378,195.7000,-4.6000,-394.8000,Car
None,17.2500,-1.1343,2.7444,10.3603,-0.0346,-0.0368,0.0533,195.7000,-4.6000,-394.8000,Car
None,17.2500,-1.1486,3.1083,9.9503,0.0450,0.0328,0.0626,195.7000,-4.2000,-394.4000,Car
None,17.2500,-1.0373,3.3770,10.2400,0.0839,-0.0011,0.0759,195.7000,-4.2000,-394.4000,Car
None,17.2500,-1.0217,3.2352,10.1418,0.0514,-0.0344,0.0514,195.7000,-4.2000,-394.4000,Car
None,17.5000,-0.8577,3.0113,10.1077,0.0237,0.0431,0.0021,196.1000,-4.2000,-394.4000,Car
None,17.5000,-1.0696,2.7013,9.1405,0.0376,0.0722,-0.0352,196.1000,-4.2000,-394.4000,Car
None,17.5000,-1.5203,2.3798,8.0302,0.1641,0.0525,-0.0924,196.1000,-4.2000,-394.4000,Car
None,17.5000,-1.7915,2.3631,7.5902,0.2221,-0.0391,-0.0985,196.1000,-4.2000,-394.4000,Car
None,17.5000,-1.4018,2.6348,9.0609,0.0972,-0.1534,-0.0101,196.1000,-4.2000,-394.4000,Car
None,17.5000,-0.9619,2.6492,10.2262,-0.1566,-0.1755,0.0746,196.1000,-4.2000,-394.4000,Car
None,17.5000,-0.8936,2.7078,10.4345,-0.2306,-0.0285,0.0788,196.1000,-4.2000,-394.4000,Car
None,17.5000,-1.0894,2.7438,9.8360,-0.1049,-0.0011,0.0511,196.1000,-4.2000,-394.4000,Car
None,17.5000,-1.4359,2.6779,8.7598,0.0940,-0.0107,0.0216,196.1000,-4.2000,-394.4000,Car
None,17.5000,-1.5395,2.5804,8.2881,0.1587,-0.0368,0.0125,196.1000,-4.2000,-394.4000,Car
None,17.5000,-1.3551,2.4983,8.5521,0.0929,-0.0173,0.0312,196.1000,-4.2000,-394.4000,Car
None,17.5000,-1.1510,2.5576,9.2979,-0.0205,-0.0618,0.0530,196.1000,-4.2000,-394.4000,Car
None,17.5000,-1.0744,2.7174,10.0772,-0.0810,-0.0866,0.0626,196.1000,-4.2000,-394.4000,Car
None,17.5000,-1.0121,2.9491,10.4088,-0.0858,-0.1161,0.0732,196.1000,-4.2000,-394.4000,Car
None,17.5000,-0.9822,2.9592,10.3555,-0.0144,-0.0858,0.0658,196.1000,-4.2000,-394.4000,Car
None,17.5000,-0.7997,2.7162,9.8677,0.0479,-0.0530,0.0530,196.1000,-4.2000,-394.4000,Car
None,17.5000,-1.0193,2.4481,8.7747,0.1268,-0.0104,0.0197,196.1000,-4.6000,-394.4000,Car
None,17.5000,-1.2743,2.3367,7.8865,0.2362,0.0016,-0.0293,196.1000,-4.6000,-394.4000,Car
None,17.5000,-1.4234,2.3032,7.4980,0.2775,-0.0839,-0.0213,196.1000,-4.6000,-394.4000,Car
None,17.5000,-1.2031,2.6282,8.5048,0.2213,-0.1800,0.0194,196.1000,-4.6000,-394.4000,Car
None,17.5000,-0.8218,2.8724,10.0628,0.0138,-0.2429,0.0743,196.1000,-4.6000,-394.4000,Car
None,17.5000,-0.5082,3.1597,11.5059,-0.2264,-0.2051,0.1238,196.1000,-4.6000,-394.4000,Car
None,17.5000,-0.2125,3.3028,11.9519,-0.2671,-0.1390,0.1185,196.1000,-4.6000,-394.4000,Car
None,17.5000,-0.6997,3.2501,8.7903,0.0410,0.0088,0.0796,196.1000,-4.6000,-394.4000,Car
None,17.5000,-1.1450,2.9018,7.2568,0.3907,0.0788,-0.0085,196.1000,-4.6000,-394.4000,Car
None,17.5000,-1.2623,2.5684,7.4669,0.4056,-0.0908,-0.0610,196.1000,-4.6000,-394.4000,Car
None,17.5000,-0.8565,2.5570,8.8316,0.1987,-0.2053,-0.0314,196.1000,-4.6000,-394.4000,Car
None,17.5000,-0.2442,2.7629,10.5824,-0.1073,-0.2360,0.0501,196.1000,-5.0000,-394.4000,Car
None,17.5000,0.2586,2.9975,11.4766,-0.3185,-0.1238,0.1063,196.1000,-5.0000,-394.4000,Car
None,17.5000,-0.4591,2.9078,8.8262,-0.2232,0.0176,0.0746,196.1000,-5.0000,-394.4000,Car
None,17.5000,-0.8727,2.9209,8.0888,0.1598,0.1894,-0.0495,196.1000,-5.0000,-394.0000,Car
None,17.5000,-0.6243,2.6402,8.6850,0.1411,-0.1401,-0.0455,195.7000,-5.0000,-394.0000,Car
None,17.5000,-1.2611,2.1255,8.5192,0.0317,-0.0935,-0.0892,195.7000,-5.0000,-394.0000,Car
None,17.5000,-1.3623,2.2134,9.0243,-0.1041,0.0455,-0.1268,195.7000,-5.0000,-394.0000,Car
None,17.5000,-1.1187,2.6797,10.2651,-0.1925,-0.0296,0.0096,195.7000,-5.0000,-394.0000,Car
None,17.5000,-0.8194,3.1382,10.9128,-0.1662,-0.0663,0.1031,195.3000,-5.0000,-394.0000,Car
None,17.5000,-0.4316,3.4177,11.4736,-0.1433,-0.0517,0.1563,195.3000,-5.0000,-394.0000,Car
None,17.5000,-0.2298,3.5308,10.9786,-0.0772,0.0250,0.1515,195.3000,-5.0000,-394.0000,Car
None,17.5000,-0.4256,3.5273,9.2279,0.0988,0.1156,0.0961,195.3000,-5.0000,-393.6000,Car
None,17.5000,-0.7691,3.3788,8.0511,0.2413,0.1345,0.0035,195.3000,-5.0000,-393.6000,Car
None,17.5000,-0.7739,2.9814,8.2271,0.1603,0.0442,-0.0775,195.3000,-5.0000,-393.6000,Car
None,17.5000,-0.9517,2.2817,8.6084,-0.0264,-0.0194,-0.1305,195.3000,-5.0000,-393.6000,Car
None,17.5000,-1.0630,1.9225,8.7418,-0.1196,-0.0144,-0.1672,195.3000,-5.0000,-393.6000,Car
None,17.5000,-1.3084,1.9860,8.0876,-0.0913,-0.0240,-0.1095,195.3000,-5.0000,-393.6000,Car
None,17.5000,-1.2001,2.2069,7.9847,-0.0043,-0.0514,-0.0381,195.3000,-5.0000,-393.6000,Car
None,17.5000,-1.0768,2.3146,8.7119,-0.0447,-0.0996,0.0338,195.3000,-5.0000,-393.6000,Car
None,17.5000,-1.0678,2.5361,9.6409,-0.1398,-0.1057,0.0621,195.3000,-5.0000,-393.6000,Car
None,17.5000,-1.0277,2.8934,10.3250,-0.1784,-0.0972,0.0863,195.3000,-5.0000,-393.6000,Car
None,17.5000,-0.6033,3.3094,11.2815,-0.1862,-0.0237,0.1390,195.3000,-5.0000,-393.6000,Car
None,17.5000,-0.6009,3.4931,10.7045,-0.1119,0.0615,0.1350,195.3000,-5.0000,-393.6000,Car
None,17.5000,-0.8565,3.4303,9.8509,0.0573,0.1633,0.0559,195.3000,-5.0000,-393.6000,Car
None,17.7500,-0.7350,3.1633,9.4415,0.1627,0.1326,-0.0218,195.3000,-5.0000,-393.2000,Car
None,17.7500,-1.0098,2.8371,8.0858,0.2242,0.0866,-0.0650,195.3000,-5.0000,-393.2000,Car
None,17.7500,-1.3605,2.4289,7.2652,0.2370,0.1236,-0.1190,195.7000,-5.0000,-393.2000,Car
None,17.7500,-1.1444,2.2948,8.0487,0.1100,0.0266,-0.1063,195.7000,-5.0000,-393.2000,Car
None,17.7500,-0.7991,2.1668,9.3134,-0.0903,-0.1398,-0.0216,195.7000,-5.0000,-393.2000,Car
None,17.7500,-0.4723,2.1787,10.0515,-0.1768,-0.1411,0.0269,195.7000,-5.0000,-393.2000,Car
None,17.7500,-0.2682,2.4696,9.5253,-0.1262,-0.1326,0.0866,195.7000,-5.0000,-393.2000,Car
None,17.7500,-0.6015,2.6079,7.8829,0.0607,-0.0591,0.0858,195.7000,-5.0000,-393.2000,Car
None,17.7500,-0.9685,2.6318,7.4160,0.1446,-0.0644,0.0274,195.7000,-5.0000,-393.2000,Car
None,17.7500,-0.9337,2.7288,8.8478,0.0272,-0.1505,0.0160,195.7000,-5.0000,-393.2000,Car
None,17.7500,-0.7266,2.8868,10.1233,-0.1720,-0.1851,0.0397,195.7000,-5.0000,-393.2000,Car
None,17.7500,-0.4160,3.3357,11.1001,-0.2674,-0.0559,0.0786,195.7000,-4.6000,-393.2000,Car
None,17.7500,-0.3885,3.5087,10.8960,-0.2067,0.0285,0.0855,195.7000,-4.6000,-393.2000,Car
None,17.7500,-0.5237,3.3459,9.7300,-0.0067,0.0850,0.0176,195.7000,-4.6000,-393.2000,Car
None,17.7500,-0.7877,2.9245,8.4719,0.1819,0.0573,-0.0535,195.7000,-4.6000,-393.2000,Car
None,17.7500,-0.8128,2.2907,8.0355,0.2005,0.0178,-0.1124,195.7000,-4.6000,-393.2000,Car
None,17.7500,-0.8009,1.8381,7.7943,0.1276,-0.0181,-0.1182,195.7000,-4.6000,-393.2000,Car
None,17.7500,-0.8356,1.6490,7.4418,0.0692,-0.0519,-0.0895,195.7000,-4.6000,-393.2000,Car
None,17.7500,-1.0858,1.6723,7.2532,0.0338,-0.0751,-0.0455,195.7000,-4.6000,-393.2000,Car
None,17.7500,-0.9864,1.9782,8.5192,-0.0562,-0.1499,0.0202,195.7000,-4.6000,-393.2000,Car
None,17.7500,-0.6698,2.6097,10.4704,-0.2477,-0.2344,0.1270,195.7000,-4.6000,-393.2000,Car
None,17.7500,-0.0156,3.3004,12.0404,-0.3515,-0.2032,0.2381,195.7000,-4.2000,-393.2000,Car
None,17.7500,0.3376,3.8481,11.9291,-0.2565,-0.0935,0.2642,195.7000,-4.2000,-393.2000,Car
None,17.7500,0.2801,4.0941,10.2268,0.0240,0.0394,0.2053,195.7000,-4.2000,-393.2000,Car
None,17.7500,0.1879,3.8630,8.9034,0.2842,0.0527,0.0834,195.7000,-4.2000,-392.8000,Car
None,17.7500,-0.0497,3.1220,8.2552,0.3156,-0.0024,-0.0639,195.7000,-3.8000,-392.8000,Car
None,17.7500,-0.3944,2.3774,7.8997,0.1896,0.0045,-0.1960,195.7000,-3.8000,-392.8000,Car
None,17.7500,-0.5483,1.9938,8.0804,0.0194,0.0469,-0.2389,195.7000,-3.8000,-392.8000,Car
None,17.7500,-0.9254,1.8004,7.6267,-0.0655,0.0349,-0.2035,195.7000,-3.8000,-392.8000,Car
None,17.7500,-1.0259,1.7400,7.8931,-0.0671,-0.0301,-0.1521,195.7000,-3.8000,-392.8000,Car
None,17.7500,-0.9589,1.8399,8.7113,-0.1377,-0.1606,-0.0562,195.7000,-3.8000,-392.8000,Car
None,17.7500,-0.6416,2.2051,9.9587,-0.2048,-0.1949,0.0431,195.7000,-3.8000,-392.8000,Car
None,17.7500,-0.3065,2.7701,10.7027,-0.2581,-0.1779,0.1348,195.7000,-3.8000,-392.8000,Car
None,17.7500,-0.3400,3.0933,10.4657,-0.1686,-0.0730,0.1680,195.7000,-3.8000,-392.8000,Car
None,17.7500,-0.3621,3.2908,9.8934,0.0061,0.0117,0.1214,195.7000,-3.4000,-392.8000,Car
None,17.7500,-0.1371,3.3944,10.3112,0.0908,0.0138,0.0860,195.7000,-3.4000,-392.8000,Car
None,17.7500,-0.0539,3.2370,10.2412,0.0626,0.0192,0.0522,195.7000,-3.4000,-392.4000,Car
None,17.7500,-0.1185,2.9886,9.5894,0.1012,0.1313,-0.0312,195.7000,-3.4000,-392.4000,Car
None,17.7500,-0.3406,2.6803,8.6497,0.1380,0.1609,-0.0850,195.7000,-3.4000,-392.4000,Car
None,17.7500,-0.6333,2.3978,8.3576,0.1691,0.1244,-0.1294,195.7000,-3.4000,-392.4000,Car
None,17.7500,-0.6692,2.2134,8.9932,0.0711,0.0245,-0.1201,195.7000,-3.4000,-392.4000,Car
None,17.7500,-0.6584,2.1524,9.6618,-0.0740,-0.0138,-0.0706,195.7000,-3.4000,-392.4000,Car
None,17.7500,-0.7117,2.3469,9.8001,-0.1089,0.0138,-0.0248,195.7000,-3.4000,-392.4000,Car
None,17.7500,-0.6033,2.8593,10.1388,-0.0714,0.0000,0.0357,195.7000,-3.4000,-392.4000,Car
None,17.7500,-0.4866,3.0167,10.4160,-0.0312,-0.0559,0.0719,195.7000,-3.4000,-392.4000,Car
None,17.7500,-0.1263,3.1029,10.7284,0.0136,-0.0802,0.0754,195.7000,-3.4000,-392.4000,Car
None,17.7500,0.0605,3.1484,10.2220,0.0578,-0.0746,0.0772,195.7000,-3.4000,-392.4000,Car
None,17.7500,-0.0964,3.1951,9.4110,0.1270,0.0072,0.0415,195.7000,-3.4000,-392.4000,Car
None,17.7500,-0.3867,3.1843,9.1381,0.1377,0.0666,-0.0178,195.7000,-3.4000,-392.0000,Car
None,17.7500,-0.5668,3.0736,10.0784,0.0149,0.0610,-0.0804,195.7000,-3.4000,-392.0000,Car
None,17.5000,-0.7302,2.8868,10.5842,-0.1220,0.0607,-0.0967,195.7000,-3.4000,-392.0000,Car
None,17.5000,-0.7488,2.8036,10.3088,-0.1119,0.1113,-0.0927,196.1000,-3.4000,-392.0000,Car
None,17.5000,-1.0002,2.5744,8.9220,0.0048,0.1332,-0.0767,196.1000,-3.4000,-392.0000,Car
None,17.5000,-1.3725,2.2936,8.2193,0.1217,0.0937,-0.1049,196.1000,-3.4000,-392.0000,Car
None,17.5000,-1.3773,2.2236,8.7364,0.0908,-0.0328,-0.0842,196.1000,-3.4000,-392.0000,Car
None,17.5000,-0.9511,2.3284,10.0311,-0.0538,-0.1305,0.0091,196.1000,-3.4000,-392.0000,Car
None,17.5000,-0.5812,2.7318,10.6309,-0.1284,-0.0676,0.1028,196.1000,-3.4000,-392.0000,Car
None,17.5000,-0.0437,3.3178,11.3671,-0.1097,-0.0716,0.1787,196.1000,-3.4000,-392.0000,Car
None,17.5000,-0.1921,3.5895,10.7943,0.0035,-0.0178,0.1672,196.1000,-3.4000,-392.0000,Car
None,17.5000,-0.0078,3.5470,10.3310,0.0900,0.0365,0.0738,196.1000,-3.4000,-392.0000,Car
None,17.5000,-0.5698,3.2771,8.0738,0.2024,0.1233,-0.0056,196.1000,-3.4000,-392.0000,Car
None,17.5000,-1.0253,2.9515,6.9719,0.3060,0.1627,-0.1246,196.1000,-3.4000,-392.0000,Car
None,17.5000,-1.1414,2.7994,6.6852,0.2178,0.0157,-0.1318,196.1000,-3.4000,-392.0000,Car
None,17.5000,-1.2779,2.6779,6.8498,0.1063,-0.0908,-0.0945,196.1000,-3.4000,-392.0000,Car
None,17.5000,-0.5758,2.8988,8.8436,-0.1494,-0.1087,-0.0373,196.1000,-3.4000,-392.0000,Car
None,17.5000,-0.2041,2.7635,9.7109,-0.3981,-0.1079,0.0391,196.1000,-3.8000,-392.0000,Car
None,17.5000,-0.2496,2.4403,8.7035,-0.2770,-0.0141,-0.0075,196.1000,-3.8000,-392.4000,Car
None,17.5000,-0.5926,2.0429,6.8618,0.0437,-0.0234,-0.0695,196.1000,-3.8000,-392.4000,Car
None,17.5000,-1.0947,1.4760,5.8873,0.1960,-0.0434,-0.1491,196.1000,-3.8000,-392.4000,Car
None,17.5000,-1.5431,1.1091,5.7604,0.1417,-0.0831,-0.1736,196.1000,-3.8000,-392.4000,Car
None,17.5000,-1.7645,1.1307,6.5302,0.0312,-0.1707,-0.1111,195.7000,-4.2000,-392.8000,Car
None,17.5000,-1.4647,1.6538,8.4797,-0.2077,-0.1776,0.0226,195.7000,-4.2000,-392.8000,Car
None,17.5000,-0.9278,2.4678,9.8910,-0.4221,-0.1164,0.1888,195.7000,-4.2000,-392.8000,Car
None,17.5000,-0.3849,2.9802,10.5818,-0.3638,-0.0077,0.2868,195.7000,-4.2000,-392.8000,Car
None,17.5000,0.0150,3.1591,10.6859,-0.1483,0.0264,0.2799,195.7000,-4.2000,-392.8000,Car
None,17.5000,0.3585,3.2519,10.5578,0.0786,0.0013,0.2232,195.7000,-4.2000,-392.8000,Car
None,17.5000,0.2825,3.1143,9.8569,0.2362,0.0477,0.1388,195.7000,-4.2000,-392.8000,Car
None,17.5000,0.0305,2.9497,9.1129,0.2748,0.1425,0.0352,195.7000,-4.2000,-392.8000,Car
None,17.5000,-0.1927,2.9072,8.7173,0.2597,0.1696,-0.0415,195.3000,-4.2000,-393.2000,Car
None,17.5000,-0.2610,3.0718,8.9394,0.1811,0.0969,-0.0610,195.3000,-4.2000,-393.2000,Car
None,17.5000,-0.0096,3.1161,9.9000,0.0434,0.0123,-0.0506,195.3000,-4.2000,-393.2000,Car
None,17.5000,-0.0611,2.9072,9.8551,-0.0700,-0.0168,-0.0602,195.3000,-4.2000,-393.2000,Car
None,17.5000,-0.5441,2.7162,8.5066,0.0000,0.0173,-0.1017,195.3000,-4.2000,-393.2000,Car
None,17.5000,-0.5878,2.6971,8.1936,0.0836,-0.0578,-0.1047,195.3000,-4.2000,-393.2000,Car
None,17.5000,-0.4477,2.7749,8.6664,0.0024,-0.1901,-0.0450,195.3000,-4.2000,-393.2000,Car
None,17.5000,-0.2011,2.8186,10.0874,-0.1670,-0.2117,-0.0072,195.3000,-4.2000,-393.2000,Car
None,17.5000,-0.0060,2.9652,11.1109,-0.3071,-0.1790,0.0101,195.3000,-3.8000,-393.2000,Car
None,17.5000,-0.1676,3.2376,10.7907,-0.2724,-0.0735,0.0165,195.3000,-3.8000,-393.2000,Car
None,17.5000,-0.4878,3.4010,9.9413,-0.1262,0.0527,-0.0136,195.3000,-3.8000,-393.2000,Car
None,17.5000,-0.4196,3.1729,9.4978,-0.0573,0.0605,-0.0442,195.3000,-3.8000,-393.2000,Car
None,17.5000,-0.8553,2.4912,8.5168,-0.0005,0.0999,-0.1270,195.3000,-3.4000,-393.2000,Car
None,17.5000,-1.2617,1.7861,7.9146,0.0298,0.1023,-0.2064,195.3000,-3.4000,-392.8000,Car
None,17.5000,-1.4120,1.5862,8.2253,0.0043,0.0418,-0.1888,195.3000,-3.4000,-392.8000,Car
None,17.5000,-1.2498,1.8016,9.2602,-0.0831,-0.0447,-0.0756,195.3000,-3.4000,-392.8000,Car
None,17.5000,-1.2623,2.3559,10.0742,-0.1699,-0.0173,0.0272,195.3000,-3.4000,-392.8000,Car
None,17.5000,-0.8607,2.9281,11.1528,-0.2043,0.0439,0.1148,195.3000,-3.4000,-392.8000,Car
None,17.5000,-0.5567,3.4093,11.4724,-0.1979,0.0583,0.1933,195.3000,-3.4000,-392.8000,Car
None,17.5000,-0.6686,3.8355,10.4884,-0.0362,0.1076,0.1899,195.3000,-3.4000,-392.8000,Car
None,17.5000,-0.7925,4.0259,10.1760,0.1284,0.1771,0.1214,195.3000,-3.4000,-392.8000,Car
None,17.5000,-0.7009,3.7356,10.0251,0.1459,0.1574,0.0429,195.3000,-3.4000,-392.8000,Car
None,17.5000,-0.7655,3.1933,9.3613,0.1177,0.1534,-0.0551,195.7000,-3.4000,-392.8000,Car
None,17.5000,-0.8739,2.5247,8.5838,0.1467,0.1704,-0.1465,195.7000,-3.4000,-392.8000,Car
None,17.5000,-1.0684,1.9603,7.7393,0.1925,0.1020,-0.1925,195.7000,-3.4000,-392.8000,Car
None,17.5000,-1.4401,1.5880,6.6714,0.2389,0.0061,-0.1848,195.7000,-3.4000,-392.8000,Car
None,17.5000,-1.5999,1.4682,7.7141,0.1752,-0.0743,-0.1574,195.7000,-3.4000,-392.8000,Car
None,17.5000,-1.0936,1.7226,10.0533,-0.1601,-0.2123,-0.0213,195.7000,-3.4000,-392.8000,Car
None,17.5000,-0.8398,2.3774,11.4652,-0.3372,-0.1265,0.1244,195.7000,-3.4000,-392.8000,Car
None,17.5000,-0.2819,3.2489,11.4251,-0.2482,-0.0240,0.2309,195.7000,-3.4000,-392.8000,Car
None,17.5000,-0.2592,3.8152,10.3262,-0.0128,0.0442,0.2738,195.7000,-3.4000,-392.8000,Car
None,17.5000,-0.0575,3.8349,10.4022,0.1819,0.0165,0.1800,195.7000,-3.4000,-392.8000,Car
None,17.5000,-0.0970,3.4459,9.8354,0.1973,-0.0557,0.0770,195.7000,-3.4000,-392.8000,Car
None,17.5000,-0.2957,3.0622,8.9711,0.2360,0.0242,-0.0269,195.7000,-3.4000,-392.8000,Car
None,17.5000,-0.2340,2.8766,8.3372,0.2056,0.0397,-0.0695,195.7000,-3.4000,-392.8000,Car
None,17.5000,-0.7775,2.7294,7.9841,0.1334,0.0221,-0.1020,195.7000,-3.4000,-392.8000,Car
None,17.5000,-0.7242,2.7234,9.8581,-0.0730,-0.0072,-0.1332,195.7000,-3.4000,-392.8000,Car
None,17.5000,-0.5914,2.8036,11.1067,-0.3166,-0.0658,-0.0732,195.7000,-3.4000,-392.8000,Car
None,17.5000,-0.7608,2.7007,10.0718,-0.2341,0.0288,-0.0631,195.7000,-3.4000,-392.8000,Car
None,17.5000,-0.9691,2.5600,8.3258,-0.0075,0.1073,-0.0703,195.7000,-3.4000,-393.2000,Car
None,17.5000,-1.4461,2.3206,7.5483,0.1073,0.0549,-0.0900,195.7000,-3.4000,-393.2000,Car
None,17.5000,-1.5449,2.1709,8.4922,0.0136,-0.0583,-0.0823,195.7000,-3.4000,-393.2000,Car
None,17.5000,-1.1708,2.3224,10.5584,-0.2256,-0.1111,-0.0170,195.7000,-3.4000,-393.2000,Car
None,17.5000,-1.1133,2.7102,10.5010,-0.3071,-0.0162,0.0636,195.7000,-3.4000,-393.2000,Car
None,17.5000,-1.0666,3.0730,9.6869,-0.1145,0.1228,0.0834,195.7000,-3.4000,-393.2000,Car
None,17.5000,-1.1384,3.3363,9.3416,0.0253,0.1153,0.0874,195.7000,-3.4000,-393.2000,Car
None,17.5000,-1.2222,3.2394,9.5816,0.0240,0.0969,0.0269,195.7000,-3.4000,-393.2000,Car
None,17.5000,-1.5778,2.6821,9.1381,-0.0333,0.1808,-0.0535,196.1000,-3.4000,-393.2000,Car
None,17.5000,-1.5544,2.2631,9.0567,0.0037,0.2040,-0.1041,196.1000,-3.4000,-393.2000,Car
None,17.5000,-1.5407,2.0147,8.5186,0.0639,0.1079,-0.0791,196.1000,-3.4000,-393.2000,Car
None,17.5000,-1.7214,1.9393,8.0685,0.1451,0.0751,-0.0485,196.1000,-3.4000,-393.2000,Car
None,17.5000,-1.3701,2.1853,9.6283,0.0647,0.0320,0.0149,196.1000,-3.4000,-393.2000,Car
None,17.5000,-1.2151,2.5175,10.6608,-0.1001,-0.0365,0.1103,196.1000,-3.4000,-393.2000,Car
None,17.5000,-0.8936,3.1083,11.1486,-0.0858,-0.0170,0.1768,196.1000,-3.4000,-393.6000,Car
None,17.5000,-0.6656,3.7757,10.7188,0.0192,0.0213,0.2282,196.1000,-3.4000,-393.6000,Car
None,17.5000,-0.6847,4.0833,9.8653,0.1425,0.0706,0.1907,196.5000,-3.4000,-393.6000,Car
None,17.5000,-0.7242,3.9486,9.7420,0.1614,0.0900,0.0874,196.5000,-3.4000,-393.6000,Car
None,17.5000,-0.8990,3.2687,8.9388,0.0937,0.0666,-0.0314,196.5000,-3.4000,-393.6000,Car
None,17.5000,-1.2779,2.5385,7.8135,0.1462,0.0826,-0.1451,196.5000,-3.4000,-393.6000,Car
None,17.5000,-1.4389,2.1249,7.1946,0.1648,-0.0107,-0.1707,196.5000,-3.4000,-393.6000,Car
None,17.5000,-1.3737,1.8346,7.0671,0.1286,-0.1393,-0.1318,196.5000,-3.4000,-394.0000,Car
None,17.5000,-1.4473,1.7986,7.3197,0.0450,-0.2503,-0.0764,196.5000,-3.4000,-394.0000,Car
None,17.5000,-1.2707,1.9136,9.3236,-0.1579,-0.2602,-0.0112,196.5000,-3.4000,-394.0000,Car
None,17.5000,-0.8074,2.5696,11.4299,-0.4107,-0.2647,0.1081,196.5000,-3.4000,-394.0000,Car
None,17.5000,-0.3172,3.3531,12.3475,-0.4269,-0.1593,0.2152,196.5000,-3.4000,-394.0000,Car
None,17.5000,-0.2969,3.7906,10.4082,-0.1864,0.0189,0.2189,196.5000,-3.4000,-394.0000,Car
None,17.5000,-0.5076,3.6613,8.4970,0.1755,0.1204,0.0991,196.5000,-3.4000,-394.0000,Car
None,17.5000,-1.2402,2.4954,6.8199,0.3236,0.0471,-0.0607,196.5000,-3.4000,-394.0000,Car
None,17.5000,-1.5814,1.7837,7.2568,0.2655,0.0077,-0.2120,196.5000,-3.4000,-394.0000,Car
None,17.5000,-1.4180,1.6197,8.5910,0.0261,-0.0799,-0.1907,196.5000,-3.4000,-394.0000,Car
None,17.5000,-0.8344,1.8902,10.3166,-0.1630,-0.1310,-0.0618,196.5000,-3.4000,-394.0000,Car
None,17.5000,-0.1700,2.5115,11.6903,-0.2679,-0.1630,0.0929,196.5000,-3.4000,-394.0000,Car
None,17.5000,-0.1670,2.9287,10.6500,-0.1158,-0.1017,0.1694,196.5000,-3.4000,-394.0000,Car
None,17.5000,-0.5914,3.1532,8.7837,0.1422,0.0389,0.1100,196.5000,-3.4000,-394.0000,Car
None,17.5000,-0.6452,3.3441,8.5299,0.2458,-0.0165,0.0770,196.5000,-3.4000,-393.6000,Car
None,17.5000,-0.3687,3.4022,9.5080,0.1380,-0.1473,0.0682,196.5000,-2.6000,-393.6000,Car
None,17.5000,0.0994,3.2980,10.5279,-0.0506,-0.1268,0.0479,196.5000,-2.2000,-393.6000,Car
None,17.5000,0.0928,2.9233,9.8420,-0.0953,-0.0232,-0.0008,196.5000,-1.7000,-393.6000,Car
None,17.5000,-0.3286,2.5402,8.4162,0.0698,0.0109,-0.0884,196.5000,-1.7000,-393.6000,Car
None,17.5000,-0.6883,2.2428,8.0206,0.1550,-0.0527,-0.1521,196.5000,-1.2000,-393.2000,Car
None,17.5000,-0.9140,2.3403,8.5437,0.0205,-0.1169,-0.1366,196.5000,-1.2000,-393.2000,Car
None,17.5000,-0.8338,2.5875,10.1065,-0.2032,-0.0783,-0.0868,196.5000,-1.2000,-393.2000,Car
None,17.5000,-0.7632,2.8581,10.8044,-0.3712,-0.0115,-0.0298,196.5000,-1.2000,-393.2000,Car
None,17.5000,-1.1061,2.8802,9.7181,-0.2461,0.0999,-0.0304,196.5000,-1.2000,-393.2000,Car
None,17.5000,-1.4186,2.7994,8.6311,0.0008,0.0956,-0.0509,196.5000,-0.8000,-393.2000,Car
None,17.5000,-1.3420,2.5893,8.4144,0.1270,-0.0104,-0.0533,196.5000,-0.8000,-393.2000,Car
None,17.5000,-0.9708,2.2015,9.4104,0.0309,-0.0868,-0.0176,196.5000,-0.8000,-393.2000,Car
None,17.5000,-0.6800,2.0105,10.4172,-0.0988,-0.0559,-0.0088,196.5000,-0.8000,-393.2000,Car
None,17.5000,-0.9242,2.0949,10.0143,-0.0953,0.0149,0.0173,196.5000,-0.4000,-393.2000,Car
None,17.5000,-1.0241,2.4840,9.5475,0.0514,0.0879,0.0253,196.9000,-0.4000,-393.2000,Car
None,17.5000,-1.2480,2.8898,9.2237,0.1124,0.0911,0.0621,196.9000,0.0000,-393.2000,Car
None,17.5000,-1.0080,3.2950,9.9922,0.0666,0.0644,0.0884,196.9000,0.0000,-393.2000,Car
None,17.5000,-0.6159,3.5823,10.4585,0.0005,0.0570,0.1190,196.9000,0.4000,-393.2000,Car
None,17.5000,-0.1933,3.6960,10.2837,0.0509,-0.0005,0.1300,197.3000,0.4000,-393.6000,Car
None,17.5000,-0.2586,3.5380,9.0148,0.1819,0.0149,0.0783,197.3000,1.1000,-393.6000,Car
None,17.5000,-0.3238,3.2136,8.6682,0.2317,-0.0019,-0.0141,197.3000,1.5000,-394.0000,Car
None,17.5000,-0.2693,2.8108,8.5796,0.1505,-0.0594,-0.0682,197.3000,1.5000,-395.8000,Car
None,17.5000,-0.4052,2.4493,7.5770,0.1337,-0.0658,-0.1047,197.3000,1.5000,-397.6000,Car
None,17.5000,-0.6794,2.2482,6.4859,0.1656,-0.0407,-0.1284,197.3000,1.9000,-399.3000,Car
None,17.5000,-1.0217,1.9830,5.8993,0.1217,-0.0613,-0.1422,197.3000,1.9000,-400.9000,Car
None,17.5000,-1.1726,1.7208,7.0892,-0.0692,-0.1433,-0.1414,197.3000,2.3000,-402.0000,Car
None,17.5000,-1.0618,1.5754,9.2189,-0.3835,-0.2242,-0.0892,197.3000,2.3000,-402.6000,Car
None,17.5000,-0.7943,1.9309,11.2964,-0.5878,-0.1630,-0.0149,197.3000,3.2000,-403.9000,Car
None,17.5000,-0.7362,2.0195,11.9578,-0.5840,-0.0051,0.0447,197.3000,4.3000,-403.9000,Car
None,17.5000,-1.2312,1.7915,9.4475,-0.2083,0.1830,0.0077,197.7000,4.3000,-406.7000,Car
None,17.5000,-1.8340,1.8968,7.6908,0.2991,0.1555,0.0008,197.7000,3.6000,-409.8000,Car
None,17.5000,-1.5844,2.3565,9.1650,0.3771,-0.0703,0.0778,197.7000,2.7000,-412.7000,Car
None,17.5000,-1.1480,3.0933,11.1420,0.0751,-0.1824,0.2400,197.7000,0.0000,-413.8000,Car
None,17.5000,-0.0168,4.2545,12.9987,-0.1483,-0.0527,0.4037,197.7000,-4.5000,-413.8000,Car
None,17.5000,1.0385,5.4372,13.1579,-0.1723,0.0929,0.5191,197.7000,-8.3000,-412.1000,Car
None,17.5000,1.5281,5.7138,10.9571,0.1438,0.1758,0.4591,197.7000,-11.9000,-410.4000,Car
None,17.5000,1.4138,4.7698,7.9188,0.5763,0.1190,0.1747,197.7000,-14.8000,-409.5000,Car
None,17.5000,0.2538,3.0742,4.9620,0.8346,0.0250,-0.1955,197.7000,-17.4000,-408.4000,Car
None,17.5000,-0.6075,1.4838,4.0935,0.7838,-0.1372,-0.5172,194.6000,-19.5000,-407.7000,Car
None,17.5000,-1.2007,0.5549,4.4921,0.4610,-0.3273,-0.5835,191.8000,-20.9000,-406.0000,Car
None,17.5000,-1.3976,0.1179,5.5510,0.0860,-0.4685,-0.4770,190.7000,-21.5000,-404.3000,Car
None,17.5000,-1.2881,0.1921,7.1186,-0.2554,-0.4708,-0.2754,189.9000,-20.8000,-403.6000,Car
None,17.5000,-1.1815,0.7428,9.1081,-0.5031,-0.2631,-0.0154,189.9000,-19.8000,-401.0000,Car
None,17.5000,-0.7566,2.1763,11.5179,-0.7430,-0.2477,0.1710,191.1000,-18.1000,-399.2000,Car
None,17.5000,-0.3513,3.6134,13.3429,-0.9132,-0.1004,0.4107,192.3000,-16.6000,-396.8000,Car
None,17.5000,0.2520,4.5891,14.2341,-0.8573,0.1097,0.4935,193.5000,-16.0000,-395.1000,Car
None,17.5000,0.7051,5.2840,13.1819,-0.5686,0.2647,0.4754,194.5000,-15.3000,-394.2000,Car
None,17.5000,0.2280,5.1607,9.7504,-0.0320,0.3545,0.3422,194.5000,-15.3000,-393.4000,Car
None,17.7500,-0.1993,4.1982,6.9731,0.6397,0.3172,-0.0389,194.5000,-16.4000,-392.9000,Car
None,17.7500,-1.2013,2.7294,5.3193,0.6991,0.2407,-0.3566,193.6000,-17.5000,-392.3000,Car
None,17.7500,-1.9824,1.6562,6.9414,0.3164,0.1688,-0.5593,193.6000,-18.3000,-392.8000,Car
None,17.7500,-1.4251,1.2797,10.3591,-0.2967,0.0285,-0.4852,193.0000,-17.5000,-391.9000,Car
None,17.7500,-1.1875,1.2911,11.9620,-0.6237,0.0306,-0.2645,193.0000,-16.7000,-391.2000,Car
None,17.7500,-1.2025,1.8920,10.8619,-0.4131,0.1526,-0.0919,193.0000,-16.3000,-390.4000,Car
None,17.7500,-1.1959,2.8479,9.4074,0.0194,0.1361,0.0836,193.0000,-15.6000,-389.5000,Car
None,17.7500,-1.1109,3.1705,9.0782,0.2439,-0.0621,0.1534,193.0000,-16.0000,-389.1000,Car
None,17.7500,-0.7757,3.0167,9.5541,0.2136,-0.1523,0.1321,193.0000,-15.4000,-389.1000,Car
None,17.7500,-0.0922,3.0239,9.8031,0.1049,-0.1390,0.1310,193.0000,-15.0000,-389.1000,Car
None,17.7500,-0.0377,3.0251,8.6808,0.1723,-0.0836,0.1284,193.0000,-14.5000,-387.1000,Car
None,17.7500,0.1317,2.9287,8.7137,0.2378,-0.0780,0.0514,193.0000,-14.5000,-387.1000,Car
None,17.7500,0.0527,2.9538,9.1877,0.1491,-0.1350,0.0083,193.0000,-14.5000,-387.1000,Car
None,17.7500,-0.0090,2.8072,9.8509,-0.0072,-0.0905,-0.0599,193.0000,-14.0000,-386.5000,Car
None,17.7500,-0.3083,2.7336,9.2548,-0.0826,0.0277,-0.1004,193.0000,-14.0000,-386.5000,Car
None,17.7500,-0.6632,2.7066,8.7299,-0.0021,0.0772,-0.1193,193.4000,-13.0000,-386.5000,Car
None,17.7500,-1.0457,2.5732,8.4132,0.0162,0.0314,-0.1209,193.4000,-12.4000,-386.5000,Car
None,17.7500,-0.9816,2.5295,8.9884,-0.0091,-0.0471,-0.0935,193.4000,-11.8000,-386.5000,Car
None,17.7500,-0.7542,2.5762,9.3919,-0.0863,-0.1001,-0.0218,193.4000,-10.8000,-385.6000,Car
None,17.7500,-0.2143,2.9233,10.1849,-0.1252,-0.0983,0.0559,193.4000,-9.8000,-385.6000,Car
None,17.7500,-0.1850,3.2028,10.0652,-0.1425,-0.0397,0.0732,193.4000,-9.0000,-385.6000,Car
None,17.7500,-0.5758,3.0700,8.9705,-0.0591,0.0376,0.0075,193.8000,-9.0000,-385.6000,Car
None,17.7500,-0.7835,2.6468,8.5269,0.0402,0.0754,-0.0860,193.8000,-9.0000,-385.6000,Car
None,17.7500,-1.2067,2.0716,7.8386,0.0487,0.0687,-0.1563,193.8000,-9.0000,-386.5000,Car
None,17.7500,-1.3731,1.8489,7.8536,0.0397,0.0373,-0.1633,194.2000,-8.6000,-386.5000,Car
None,17.7500,-1.4012,1.9393,8.3773,-0.0298,0.0048,-0.0919,194.2000,-8.2000,-386.5000,Car
None,17.7500,-1.2635,2.3290,9.8491,-0.1446,-0.0442,-0.0016,195.0000,-7.5000,-386.5000,Car
None,17.7500,-0.7913,2.9215,11.4245,-0.2655,-0.0621,0.1095,196.2000,-6.5000,-386.0000,Car
None,17.7500,-0.4411,3.3764,11.9680,-0.2618,0.0043,0.1779,197.2000,-5.8000,-386.0000,Car
None,17.7500,-0.2957,3.6314,10.8852,-0.0655,0.0783,0.1707,198.1000,-5.3000,-386.0000,Car
None,17.7500,-0.3388,3.6727,8.9094,0.2663,0.0884,0.1174,198.5000,-4.7000,-386.0000,Car
None,17.7500,-0.3795,3.3633,8.3522,0.3859,0.0213,0.0381,198.5000,-5.4000,-386.0000,Car
None,17.7500,-0.2143,2.7623,8.9082,0.2194,-0.0629,-0.0469,199.0000,-5.4000,-386.0000,Car
None,17.7500,-0.5213,2.1344,8.5575,0.0621,-0.0506,-0.1217,199.0000,-5.4000,-388.3000,Car
None,17.7500,-0.7242,1.8890,7.9517,0.0804,-0.0173,-0.1526,199.0000,-6.3000,-389.2000,Car
None,17.7500,-0.7362,2.0596,7.7105,0.0983,-0.0879,-0.0879,199.0000,-6.3000,-390.3000,Car
None,17.7500,-0.8571,2.2338,8.0194,0.0538,-0.1766,-0.0197,199.0000,-6.8000,-390.3000,Car
None,17.7500,-0.5243,2.5450,10.0940,-0.1411,-0.2048,0.0248,199.0000,-6.8000,-390.8000,Car
None,17.7500,-0.2993,2.9856,11.2282,-0.3068,-0.1939,0.1015,199.0000,-6.8000,-389.8000,Car
None,17.7500,-0.1347,3.3303,10.9636,-0.2115,-0.0767,0.1228,199.0000,-6.4000,-389.8000,Car
None,17.7500,-0.0628,3.6811,9.7318,0.0123,0.0333,0.1244,199.0000,-6.4000,-389.8000,Car
None,17.7500,-0.0838,3.5961,8.6562,0.1909,0.0559,0.0738,199.0000,-6.4000,-389.0000,Car
None,17.7500,-0.2604,2.9580,8.0822,0.1899,0.0391,-0.0312,199.0000,-6.4000,-389.0000,Car
None,17.7500,-0.5662,2.3643,8.2127,0.1076,0.0613,-0.1276,199.0000,-6.4000,-389.0000,Car
None,17.7500,-0.3921,2.1674,8.5988,-0.0399,0.0248,-0.1284,199.0000,-6.4000,-389.5000,Car
None,17.7500,-0.3795,2.1015,8.3384,-0.0754,0.0048,-0.0676,199.0000,-6.4000,-389.5000,Car
None,17.7500,-0.4447,2.0919,8.3444,-0.0314,0.0146,-0.0634,199.0000,-6.4000,-389.5000,Car
None,17.7500,-0.6261,2.0752,8.4168,-0.0370,-0.0389,-0.0413,199.0000,-6.4000,-389.5000,Car
None,17.7500,-0.7781,2.0818,9.1201,-0.0655,-0.0610,-0.0264,199.0000,-6.4000,-389.5000,Car
None,17.7500,-0.6602,2.6546,10.2226,-0.1364,-0.0509,0.0144,199.0000,-6.4000,-389.5000,Car
None,18.5000,-0.4944,3.1837,10.6560,-0.2003,0.0157,0.1116,198.4000,-6.4000,-389.5000,Car
None,18.5000,-0.1832,3.6440,11.2982,-0.1987,0.1427,0.1273,198.4000,-6.4000,-389.5000,Car
None,18.5000,-0.0587,3.6877,11.4024,-0.1502,0.2037,0.0858,198.4000,-6.4000,-389.5000,Car
None,18.5000,-0.6057,3.3022,9.5888,0.0325,0.2605,-0.0352,198.4000,-6.4000,-389.5000,Car
None,18.5000,-0.9720,2.9365,8.6580,0.2178,0.2759,-0.1430,198.4000,-6.4000,-389.5000,Car
None,18.5000,-1.2689,2.4858,8.6963,0.1526,0.1707,-0.1667,197.9000,-6.4000,-389.5000,Car
None,18.5000,-1.4982,2.0261,9.5092,-0.0051,0.1462,-0.1824,197.9000,-6.0000,-389.5000,Car
None,18.5000,-1.3198,1.9740,10.2927,-0.1454,0.1164,-0.1286,197.9000,-6.0000,-389.5000,Car
None,18.5000,-1.2354,2.3655,10.5381,-0.1582,0.1113,-0.0253,197.9000,-6.0000,-389.5000,Car
None,18.5000,-1.3090,2.8515,10.5692,-0.0916,0.1009,0.0503,197.5000,-5.6000,-389.5000,Car
None,18.5000,-1.2474,3.2627,10.8080,-0.0264,0.0583,0.0868,197.5000,-5.6000,-389.5000,Car
None,18.5000,-1.1875,3.4542,11.0103,-0.0173,0.0618,0.0900,197.5000,-5.6000,-389.5000,Car
None,18.5000,-1.1223,3.5350,10.6159,0.0045,0.1097,0.0746,197.5000,-5.2000,-389.5000,Car
None,18.5000,-1.1540,3.4159,10.0167,0.0804,0.1529,0.0365,197.5000,-5.2000,-389.5000,Car
None,18.5000,-1.5502,3.1065,9.2368,0.1297,0.1401,-0.0213,197.5000,-5.2000,-389.5000,Car
None,18.5000,-1.6550,2.8832,9.6953,0.1017,0.0889,-0.0679,197.5000,-5.2000,-389.5000,Car
None,18.5000,-1.5892,2.7605,9.9856,-0.0189,0.0274,-0.0349,197.5000,-4.8000,-390.0000,Car
None,18.5000,-1.2959,2.7228,10.0940,-0.0421,0.0503,0.0067,197.5000,-4.8000,-390.0000,Car
None,18.5000,-1.3342,2.7294,9.1644,0.0144,0.0253,0.0290,197.5000,-4.8000,-390.7000,Car
None,18.5000,-1.3755,2.8216,9.0537,0.0929,-0.0210,0.0298,197.5000,-4.8000,-390.7000,Car
None,18.5000,-1.3114,2.7797,9.4332,0.0349,-0.0863,0.0293,197.5000,-4.8000,-391.4000,Car
None,18.5000,-1.1019,2.7779,9.8719,-0.0344,-0.0959,0.0442,197.5000,-4.8000,-391.4000,Car
None,18.5000,-0.9008,2.6899,9.2650,-0.0165,-0.0839,0.0684,197.5000,-4.8000,-391.4000,Car
None,18.5000,-0.9493,2.6594,8.6245,0.0948,-0.0591,0.0485,197.5000,-4.8000,-391.4000,Car
None,18.5000,-1.1139,2.5732,8.6491,0.0983,-0.0969,0.0280,197.5000,-4.8000,-391.4000,Car
None,18.5000,-1.1480,2.6217,9.6181,0.0138,-0.1071,0.0093,197.5000,-4.8000,-391.8000,Car
None,18.5000,-0.9720,2.6498,10.8793,-0.1329,-0.1135,0.0370,197.5000,-4.8000,-391.8000,Car
None,18.5000,-0.7159,2.9006,11.0540,-0.1222,-0.0589,0.0663,197.5000,-4.8000,-391.8000,Car
None,18.5000,-0.8068,3.1137,9.5738,0.0357,-0.0360,0.0783,197.5000,-4.8000,-391.8000,Car
None,18.5000,-0.7632,3.4895,9.1225,0.1798,0.0000,0.0711,197.5000,-4.8000,-392.2000,Car
None,18.5000,-0.4968,3.3208,10.1113,0.0732,-0.0943,0.0522,197.5000,-4.8000,-392.2000,Car
None,18.5000,-0.6614,2.7755,9.4296,-0.0240,-0.0895,-0.0218,197.5000,-4.8000,-392.2000,Car
None,18.5000,-0.7871,2.4355,8.5323,0.0652,-0.0200,-0.0783,197.5000,-4.8000,-392.6000,Car
None,18.5000,-0.6913,2.2781,8.5850,0.0639,-0.0943,-0.0826,197.5000,-4.8000,-392.6000,Car
None,18.5000,-0.9888,2.0183,8.3252,0.0282,-0.1587,-0.0775,197.5000,-4.8000,-392.6000,Car
None,18.5000,-1.0834,2.0016,8.7053,-0.0128,-0.1467,-0.0820,197.5000,-4.8000,-392.6000,Car
None,18.5000,-0.7703,2.2613,10.0712,-0.1241,-0.1824,-0.0104,197.5000,-4.8000,-392.6000,Car
None,18.5000,-0.5267,2.5133,10.8799,-0.1776,-0.1941,0.0708,197.1000,-4.8000,-393.0000,Car
None,18.5000,-0.4292,3.0095,10.7937,-0.0977,-0.1004,0.1055,197.1000,-4.8000,-393.0000,Car
None,18.5000,-0.2514,3.4046,10.6398,-0.0027,-0.0146,0.1310,197.1000,-4.8000,-393.0000,Car
None,18.5000,-0.2514,3.4351,10.3394,0.0405,0.0527,0.0788,197.1000,-4.8000,-393.0000,Car
None,18.5000,-0.4872,3.1035,8.9765,0.1028,0.0999,-0.0035,197.1000,-4.8000,-393.0000,Car
None,18.5000,-0.8320,2.6701,7.6716,0.2083,0.0879,-0.0783,197.1000,-4.8000,-393.0000,Car
None,18.5000,-1.0600,2.3565,7.4717,0.1883,0.0370,-0.1302,197.1000,-4.8000,-393.0000,Car
None,18.5000,-0.9762,2.3326,9.0507,-0.0080,-0.0889,-0.0996,197.1000,-4.8000,-393.0000,Car
None,18.5000,-0.6003,2.3337,10.7458,-0.2285,-0.1545,-0.0378,196.7000,-4.8000,-393.0000,Car
None,18.5000,-0.3603,2.6103,11.3318,-0.2927,-0.0807,0.0242,196.7000,-4.4000,-393.0000,Car
None,18.5000,-0.3639,2.6438,10.2238,-0.1260,0.0013,0.0439,196.7000,-4.4000,-393.0000,Car
None,18.5000,-0.7763,2.6306,8.5820,0.1119,0.0466,0.0189,196.7000,-4.4000,-393.0000,Car
None,18.5000,-1.2133,2.3709,8.0170,0.2264,0.0663,-0.0415,196.7000,-4.4000,-393.0000,Car
None,18.7500,-1.3132,2.2978,9.2165,0.1044,0.0543,-0.0732,196.7000,-4.4000,-393.0000,Car
